0.483420 0.483404 3.337160e+02 3.337006e+00
0.553188 0.553146 1.726862e+02 1.726651e+00
0.541205 0.541169 2.622595e+02 2.622562e+00
0.548192 0.548161 2.187851e+02 2.187524e+00
0.588344 0.588301 1.577958e+02 1.577668e+00
0.508920 0.508881 3.224827e+02 3.224739e+00
0.526081 0.526060 2.550881e+02 2.550599e+00
0.534018 0.533994 2.563241e+02 2.563172e+00
0.556300 0.556267 1.994081e+02 1.993864e+00
0.593349 0.593269 1.269730e+02 1.269523e+00
0.527232 0.527191 3.580435e+02 3.579894e+00
0.541612 0.541580 2.533811e+02 2.533754e+00
0.532554 0.532522 2.291720e+02 2.291348e+00
0.594329 0.594315 1.185138e+02 1.184885e+00
0.544710 0.544664 2.310066e+02 2.309469e+00
0.593345 0.593306 8.739653e+01 8.739611e-01
0.585933 0.585876 1.507756e+02 1.507681e+00
0.540246 0.540216 2.762900e+02 2.762756e+00
0.519364 0.519282 3.548731e+02 3.548478e+00
0.601159 0.601115 1.243225e+02 1.242948e+00
0.506841 0.506795 4.195951e+02 4.195769e+00
0.601702 0.601669 1.109772e+02 1.109536e+00
0.582402 0.582349 1.036702e+02 1.036542e+00
0.524680 0.524640 3.424499e+02 3.423864e+00
0.556270 0.556218 2.681272e+02 2.680832e+00
0.586224 0.586197 1.229179e+02 1.228897e+00
0.541304 0.541277 1.888401e+02 1.888304e+00
0.635993 0.635932 7.415976e+01 7.413757e-01
0.493261 0.493189 6.511611e+02 6.510775e+00
0.513177 0.513122 4.145165e+02 4.144678e+00
0.580811 0.580785 1.101668e+02 1.101524e+00
0.599839 0.599804 1.300725e+02 1.300555e+00
0.540652 0.540606 2.516533e+02 2.516456e+00
0.556700 0.556683 1.348073e+02 1.348048e+00
0.657557 0.657527 4.279236e+01 4.277526e-01
0.496494 0.496434 3.586430e+02 3.586420e+00
0.528075 0.528050 2.507768e+02 2.507365e+00
0.539092 0.539057 2.731296e+02 2.730857e+00
0.517265 0.517238 2.270046e+02 2.269753e+00
0.609081 0.609031 1.092349e+02 1.091906e+00
0.574582 0.574538 1.494382e+02 1.494333e+00
0.654892 0.654815 6.230812e+01 6.228274e-01
0.541256 0.541192 2.063494e+02 2.063402e+00
0.562089 0.562036 1.732024e+02 1.731888e+00
0.601308 0.601258 7.883216e+01 7.882993e-01
0.526230 0.526195 2.505785e+02 2.505303e+00
0.599624 0.599581 1.088546e+02 1.088111e+00
0.581916 0.581886 1.529809e+02 1.529655e+00
0.578348 0.578331 1.770801e+02 1.770648e+00
0.565937 0.565873 2.000591e+02 2.000390e+00
0.598389 0.598361 1.168034e+02 1.167946e+00
0.521028 0.521003 3.877772e+02 3.877567e+00
0.523445 0.523433 3.228701e+02 3.228376e+00
0.524894 0.524872 3.400414e+02 3.400160e+00
0.514506 0.514430 2.890113e+02 2.890042e+00
0.575704 0.575678 1.717160e+02 1.717105e+00
0.515646 0.515583 3.280624e+02 3.280583e+00
0.548751 0.548665 2.052176e+02 2.052130e+00
0.532072 0.532021 2.445154e+02 2.444640e+00
0.592816 0.592767 1.231151e+02 1.230789e+00
0.560335 0.560303 1.667903e+02 1.667813e+00
0.615227 0.615191 1.173093e+02 1.172810e+00
0.545230 0.545158 1.896179e+02 1.895820e+00
0.604331 0.604278 1.350419e+02 1.350219e+00
0.562895 0.562861 1.747199e+02 1.746958e+00
0.580808 0.580776 1.708105e+02 1.707759e+00
0.584808 0.584758 1.231296e+02 1.231016e+00
0.601170 0.601064 1.254093e+02 1.253545e+00
0.606349 0.606270 6.363689e+01 6.362662e-01
0.534377 0.534350 2.146454e+02 2.146300e+00
0.565764 0.565705 2.243043e+02 2.242620e+00
0.635050 0.634997 6.724605e+01 6.724298e-01
0.618438 0.618428 6.837773e+01 6.837540e-01
0.581896 0.581869 1.163596e+02 1.163319e+00
0.566480 0.566423 1.663637e+02 1.663555e+00
0.600025 0.599962 1.279040e+02 1.279037e+00
0.591480 0.591409 1.061957e+02 1.061914e+00
0.510380 0.510366 4.537486e+02 4.536688e+00
0.553574 0.553482 1.715439e+02 1.715388e+00
0.567272 0.567234 1.742232e+02 1.741876e+00
0.537210 0.537166 2.434442e+02 2.434225e+00
0.566735 0.566667 2.140596e+02 2.140275e+00
0.550592 0.550565 2.298661e+02 2.298269e+00
0.525124 0.525078 2.729199e+02 2.728767e+00
0.618877 0.618843 1.029721e+02 1.029379e+00
0.612707 0.612692 9.335507e+01 9.333963e-01
0.592278 0.592226 1.428731e+02 1.428553e+00
0.514020 0.513972 2.925730e+02 2.925565e+00
0.471093 0.471064 6.953851e+02 6.953772e+00
0.562496 0.562469 2.109752e+02 2.109316e+00
0.621241 0.621185 8.363762e+01 8.362525e-01
0.492067 0.492029 4.197964e+02 4.197490e+00
0.530097 0.530033 2.558547e+02 2.558351e+00
0.575197 0.575170 1.448413e+02 1.448345e+00
0.576945 0.576873 1.994782e+02 1.994703e+00
0.601317 0.601282 1.085630e+02 1.085563e+00
0.574271 0.574173 1.283074e+02 1.282967e+00
0.558728 0.558686 1.821507e+02 1.821225e+00
0.570360 0.570334 2.079533e+02 2.079529e+00
0.619774 0.619712 6.163827e+01 6.163622e-01
0.559018 0.558962 1.844639e+02 1.844505e+00
0.650433 0.650357 4.721918e+01 4.720409e-01
0.481921 0.481882 5.460297e+02 5.460072e+00
0.593687 0.593641 1.211195e+02 1.211048e+00
0.534160 0.534098 3.084514e+02 3.084210e+00
0.611884 0.611851 1.005449e+02 1.005327e+00
0.493232 0.493213 4.609866e+02 4.609694e+00
0.562867 0.562761 2.252547e+02 2.252004e+00
0.622662 0.622609 8.876077e+01 8.875035e-01
0.647304 0.647206 7.366349e+01 7.366178e-01
0.497654 0.497610 5.258128e+02 5.257988e+00
0.580545 0.580498 1.260213e+02 1.260060e+00
0.577200 0.577144 1.592053e+02 1.591750e+00
0.540998 0.540926 2.173113e+02 2.173078e+00
0.577108 0.577023 1.404052e+02 1.403959e+00
0.616213 0.616171 9.669267e+01 9.665187e-01
0.591697 0.591599 1.117164e+02 1.117035e+00
0.635776 0.635733 4.924334e+01 4.923030e-01
0.572136 0.572071 1.867149e+02 1.866744e+00
0.585637 0.585596 1.476798e+02 1.476447e+00
0.552677 0.552654 2.347585e+02 2.347327e+00
0.545241 0.545220 1.693417e+02 1.693106e+00
0.502854 0.502828 4.715101e+02 4.714557e+00
0.646748 0.646672 5.523744e+01 5.523390e-01
0.618358 0.618298 9.107709e+01 9.105652e-01
0.633724 0.633644 7.388120e+01 7.387257e-01
0.581395 0.581345 1.237568e+02 1.237563e+00
0.613147 0.613070 1.003566e+02 1.003444e+00
0.567938 0.567880 2.166950e+02 2.166847e+00
0.552528 0.552480 2.203284e+02 2.203156e+00
0.497834 0.497741 4.942242e+02 4.941654e+00
0.672635 0.672577 5.937595e+01 5.932971e-01
0.627277 0.627224 8.499635e+01 8.499397e-01
0.588126 0.588048 1.174742e+02 1.174699e+00
0.595220 0.595192 1.269345e+02 1.268993e+00
0.548845 0.548797 2.556686e+02 2.556237e+00
0.620254 0.620180 7.734449e+01 7.732901e-01
0.597513 0.597423 1.149782e+02 1.149439e+00
0.576764 0.576716 1.049878e+02 1.049760e+00
0.482033 0.482010 6.602931e+02 6.602371e+00
0.609569 0.609499 9.561640e+01 9.558178e-01
0.584087 0.584023 1.886155e+02 1.885936e+00
0.531607 0.531534 2.946282e+02 2.945780e+00
0.520817 0.520761 3.097731e+02 3.097239e+00
0.615318 0.615266 1.015182e+02 1.014750e+00
0.545328 0.545301 2.873956e+02 2.873856e+00
0.542020 0.541965 2.288927e+02 2.288713e+00
0.610597 0.610568 8.916562e+01 8.914062e-01
0.562883 0.562823 1.972515e+02 1.972231e+00
0.593040 0.593009 1.118494e+02 1.118326e+00
0.523996 0.523952 3.570688e+02 3.569941e+00
0.537994 0.537932 1.694421e+02 1.694119e+00
0.621261 0.621134 6.679158e+01 6.678890e-01
0.589461 0.589434 1.490902e+02 1.490546e+00
0.591403 0.591356 1.377895e+02 1.377236e+00
0.557644 0.557576 2.608194e+02 2.607694e+00
0.572332 0.572278 1.402809e+02 1.402785e+00
0.556512 0.556478 2.061622e+02 2.061222e+00
0.579507 0.579468 1.229106e+02 1.228981e+00
0.547316 0.547277 1.727769e+02 1.727587e+00
0.569828 0.569817 1.703303e+02 1.702823e+00
0.638440 0.638406 7.285034e+01 7.282516e-01
0.546190 0.546126 2.234140e+02 2.234063e+00
0.476970 0.476942 5.880474e+02 5.879505e+00
0.505328 0.505294 4.295166e+02 4.294742e+00
0.543706 0.543677 2.257680e+02 2.257636e+00
0.501648 0.501615 2.902109e+02 2.902085e+00
0.592817 0.592780 9.703161e+01 9.702067e-01
0.507494 0.507470 3.545491e+02 3.545389e+00
0.560156 0.560071 1.842443e+02 1.842315e+00
0.558872 0.558857 2.265607e+02 2.265087e+00
0.531068 0.531038 2.222079e+02 2.222007e+00
0.553400 0.553362 2.168211e+02 2.167974e+00
0.583538 0.583457 1.329252e+02 1.328793e+00
0.613809 0.613772 7.449370e+01 7.448044e-01
0.485177 0.485138 6.358074e+02 6.357862e+00
0.628037 0.627982 7.589267e+01 7.589116e-01
0.627097 0.627032 9.064884e+01 9.061896e-01
0.637907 0.637881 4.976354e+01 4.975694e-01
0.638208 0.638184 6.891050e+01 6.889147e-01
0.482281 0.482255 5.595780e+02 5.595444e+00
0.555320 0.555285 1.977792e+02 1.977640e+00
0.504248 0.504177 2.764832e+02 2.764787e+00
0.511222 0.511203 4.253715e+02 4.253615e+00
0.559630 0.559592 1.797791e+02 1.797742e+00
0.457426 0.457415 6.879296e+02 6.879174e+00
0.600388 0.600362 1.141116e+02 1.140968e+00
0.582624 0.582587 1.321033e+02 1.320976e+00
0.589111 0.589085 1.612225e+02 1.611871e+00
0.617913 0.617888 8.993685e+01 8.992779e-01
0.567912 0.567852 1.942112e+02 1.942049e+00
0.553736 0.553715 1.820966e+02 1.820818e+00
0.562060 0.562010 1.418807e+02 1.418724e+00
0.516746 0.516682 2.641694e+02 2.641690e+00
0.611987 0.611945 5.649195e+01 5.648462e-01
0.564763 0.564713 1.985741e+02 1.985268e+00
0.496899 0.496838 5.225456e+02 5.225035e+00
0.527106 0.527058 3.835968e+02 3.835578e+00
0.609953 0.609912 1.179866e+02 1.179584e+00
0.596827 0.596786 1.314098e+02 1.314001e+00
0.514679 0.514638 4.800127e+02 4.799887e+00
0.553450 0.553438 1.764148e+02 1.763892e+00
0.501018 0.501003 3.555719e+02 3.555395e+00
0.534630 0.534587 2.387377e+02 2.387345e+00
0.514162 0.514156 4.287575e+02 4.287486e+00
0.547155 0.547092 2.869181e+02 2.868884e+00
0.529666 0.529634 1.292418e+02 1.292364e+00
0.509156 0.509134 4.564703e+02 4.564179e+00
0.570431 0.570381 1.839869e+02 1.839526e+00
0.478673 0.478622 5.583248e+02 5.582773e+00
0.588975 0.588916 1.298418e+02 1.298273e+00
0.516926 0.516894 3.408900e+02 3.408547e+00
0.591889 0.591863 1.558767e+02 1.558540e+00
0.622106 0.622037 8.450531e+01 8.448479e-01
0.489667 0.489631 4.865939e+02 4.865371e+00
0.582377 0.582346 1.235157e+02 1.235032e+00
0.528606 0.528545 3.186281e+02 3.185812e+00
0.565678 0.565581 1.974461e+02 1.974285e+00
0.488403 0.488372 6.059788e+02 6.059722e+00
0.586734 0.586639 1.166110e+02 1.165976e+00
0.523978 0.523937 2.773013e+02 2.772851e+00
0.582749 0.582715 1.620206e+02 1.620204e+00
0.533269 0.533240 3.566558e+02 3.566220e+00
0.676519 0.676470 4.007912e+01 4.006366e-01
0.510980 0.510936 3.999820e+02 3.999433e+00
0.620897 0.620864 9.796481e+01 9.794890e-01
0.575284 0.575251 1.899071e+02 1.898792e+00
0.594063 0.593994 8.814150e+01 8.812705e-01
0.513223 0.513212 3.504337e+02 3.504088e+00
0.498641 0.498607 3.769184e+02 3.768912e+00
0.511020 0.510973 3.421717e+02 3.421347e+00
0.528507 0.528485 3.273375e+02 3.272922e+00
0.498793 0.498754 4.250656e+02 4.250624e+00
0.557650 0.557548 1.762976e+02 1.762801e+00
0.600898 0.600868 1.163041e+02 1.163016e+00
0.575251 0.575198 1.066398e+02 1.066109e+00
0.525835 0.525803 3.861356e+02 3.861065e+00
0.627214 0.627187 1.016538e+02 1.015827e+00
0.618564 0.618550 1.020502e+02 1.020198e+00
0.569436 0.569414 1.356761e+02 1.356648e+00
0.545283 0.545261 1.836788e+02 1.836407e+00
0.556218 0.556193 2.514369e+02 2.514029e+00
0.474631 0.474612 6.865303e+02 6.864921e+00
0.560383 0.560358 1.837560e+02 1.837485e+00
0.504064 0.504038 4.121421e+02 4.121073e+00
0.572498 0.572419 1.292623e+02 1.292565e+00
0.525770 0.525705 3.929869e+02 3.929769e+00
0.593502 0.593476 1.328980e+02 1.328853e+00
0.609067 0.609041 1.165655e+02 1.165413e+00
0.656604 0.656514 5.054347e+01 5.052084e-01
0.614771 0.614755 8.930829e+01 8.929326e-01
0.560768 0.560731 1.455583e+02 1.455454e+00
0.601116 0.601055 1.091426e+02 1.091193e+00
0.565230 0.565153 2.042263e+02 2.041936e+00
0.541895 0.541868 2.006423e+02 2.006052e+00
0.583745 0.583705 1.680103e+02 1.679979e+00
0.507997 0.507933 4.024347e+02 4.024267e+00
0.595837 0.595763 1.146859e+02 1.146825e+00
0.581076 0.581000 1.708916e+02 1.708606e+00
0.562990 0.562957 2.000646e+02 2.000360e+00
0.621141 0.621063 1.038601e+02 1.038549e+00
0.642445 0.642421 5.532240e+01 5.531002e-01
0.576953 0.576891 1.607504e+02 1.607481e+00
0.599190 0.599158 1.213483e+02 1.213347e+00
0.484454 0.484389 4.859468e+02 4.859318e+00
0.524973 0.524945 3.174016e+02 3.173752e+00
0.534981 0.534916 2.265507e+02 2.265384e+00
0.494106 0.494084 4.726518e+02 4.726305e+00
0.585917 0.585871 1.710537e+02 1.710473e+00
0.514951 0.514940 4.219531e+02 4.219243e+00
0.550829 0.550791 2.063848e+02 2.063756e+00
0.616192 0.616100 5.781477e+01 5.780897e-01
0.524553 0.524489 3.151389e+02 3.151032e+00
0.545158 0.545051 2.962004e+02 2.961937e+00
0.590894 0.590843 1.402310e+02 1.402305e+00
0.535732 0.535693 2.710062e+02 2.709891e+00
0.579141 0.579092 1.452052e+02 1.452020e+00
0.530903 0.530832 3.955331e+02 3.954835e+00
0.533293 0.533271 3.044603e+02 3.044494e+00
0.528369 0.528325 3.599968e+02 3.599422e+00
0.604689 0.604635 8.443762e+01 8.441302e-01
0.579001 0.578936 1.320854e+02 1.320722e+00
0.532194 0.532123 1.725674e+02 1.725538e+00
0.626940 0.626854 6.233780e+01 6.231237e-01
0.621167 0.621095 7.691019e+01 7.690835e-01
0.596122 0.596091 1.224467e+02 1.224352e+00
0.512899 0.512818 4.213726e+02 4.213495e+00
0.626889 0.626864 7.863547e+01 7.860868e-01
0.500594 0.500565 5.053804e+02 5.053682e+00
0.628523 0.628482 7.102576e+01 7.099782e-01
0.514275 0.514225 3.168234e+02 3.168122e+00
0.617565 0.617513 1.066276e+02 1.066092e+00
0.593570 0.593473 1.463909e+02 1.463717e+00
0.512843 0.512808 3.730513e+02 3.730232e+00
0.502975 0.502933 4.201932e+02 4.201674e+00
0.603443 0.603395 1.100076e+02 1.099940e+00
0.564733 0.564687 2.079973e+02 2.079717e+00
0.517086 0.517023 2.234450e+02 2.234345e+00
0.584147 0.584130 1.379822e+02 1.379722e+00
0.602680 0.602621 1.200020e+02 1.199975e+00
0.502721 0.502639 3.556645e+02 3.556351e+00
0.538514 0.538488 2.809864e+02 2.809505e+00
0.534629 0.534608 3.051128e+02 3.051074e+00
0.542003 0.541975 2.126815e+02 2.126680e+00
0.576434 0.576401 1.402100e+02 1.402010e+00
0.629276 0.629197 8.419045e+01 8.415183e-01
0.597311 0.597296 9.493639e+01 9.491584e-01
0.472143 0.472105 6.844126e+02 6.843218e+00
0.541936 0.541885 2.115296e+02 2.115072e+00
0.582793 0.582745 1.426345e+02 1.426234e+00
0.545688 0.545669 2.442526e+02 2.442421e+00
0.612042 0.611984 8.995521e+01 8.994183e-01
0.531077 0.531036 2.672156e+02 2.671946e+00
0.527501 0.527459 1.862213e+02 1.862191e+00
0.541276 0.541240 2.817750e+02 2.817639e+00
0.527411 0.527371 3.004881e+02 3.004816e+00
0.558757 0.558725 2.083156e+02 2.082781e+00
0.549865 0.549818 3.113024e+02 3.112172e+00
0.471320 0.471294 6.402528e+02 6.402441e+00
0.587980 0.587967 1.430277e+02 1.430019e+00
0.457685 0.457633 1.051573e+03 1.051485e+01
0.538986 0.538960 2.220547e+02 2.220431e+00
0.554234 0.554204 2.402415e+02 2.402082e+00
0.545861 0.545772 1.644091e+02 1.643877e+00
0.520271 0.520252 2.896082e+02 2.895796e+00
0.588617 0.588562 1.180543e+02 1.180519e+00
0.584217 0.584189 1.507852e+02 1.507673e+00
0.475688 0.475643 5.087725e+02 5.087723e+00
0.604493 0.604405 7.486455e+01 7.485285e-01
0.582999 0.582979 1.403737e+02 1.403712e+00
0.561663 0.561618 1.779045e+02 1.778819e+00
0.559088 0.559057 1.662123e+02 1.661845e+00
0.574726 0.574681 1.958534e+02 1.958503e+00
0.593377 0.593319 1.098165e+02 1.097966e+00
0.633165 0.633136 6.790958e+01 6.790518e-01
0.530379 0.530348 3.223694e+02 3.223558e+00
0.524034 0.523940 3.649292e+02 3.648842e+00
0.606407 0.606363 1.255045e+02 1.254889e+00
0.583362 0.583328 1.401447e+02 1.401126e+00
0.574111 0.574064 1.316037e+02 1.315766e+00
0.494474 0.494447 3.336837e+02 3.336607e+00
0.591945 0.591924 1.431623e+02 1.431370e+00
0.655674 0.655600 5.028238e+01 5.027524e-01
0.554130 0.554058 1.674547e+02 1.674380e+00
0.566665 0.566647 1.608976e+02 1.608744e+00
0.558058 0.558049 2.126982e+02 2.126436e+00
0.598506 0.598487 1.313993e+02 1.313792e+00
0.644652 0.644577 6.861567e+01 6.859234e-01
0.536165 0.536116 2.459289e+02 2.459172e+00
0.548905 0.548845 2.574692e+02 2.574658e+00
0.573062 0.573020 2.014626e+02 2.014163e+00
0.539365 0.539314 2.423246e+02 2.423123e+00
0.606699 0.606642 8.595006e+01 8.591914e-01
0.528818 0.528745 2.710523e+02 2.710449e+00
0.570243 0.570216 1.885900e+02 1.885736e+00
0.591711 0.591656 1.346016e+02 1.345650e+00
0.609575 0.609562 8.755381e+01 8.753128e-01
0.591586 0.591549 1.237369e+02 1.237078e+00
0.554327 0.554245 2.015430e+02 2.015263e+00
0.500149 0.500124 5.675373e+02 5.675176e+00
0.602996 0.602966 9.714853e+01 9.712714e-01
0.539194 0.539155 2.634785e+02 2.634237e+00
0.580607 0.580544 1.098714e+02 1.098635e+00
0.562647 0.562614 2.161242e+02 2.161081e+00
0.562199 0.562117 2.263365e+02 2.262917e+00
0.496937 0.496894 2.686249e+02 2.686138e+00
0.589392 0.589364 1.473857e+02 1.473856e+00
0.592872 0.592799 1.356840e+02 1.356808e+00
0.568654 0.568625 1.939322e+02 1.939321e+00
0.570532 0.570483 1.805710e+02 1.805478e+00
0.617021 0.616966 8.150028e+01 8.148526e-01
0.561190 0.561169 2.186286e+02 2.185876e+00
0.582985 0.582919 1.455515e+02 1.455170e+00
0.566032 0.565986 2.169363e+02 2.169053e+00
0.584087 0.584025 1.411084e+02 1.410883e+00
0.531460 0.531411 3.166202e+02 3.165824e+00
0.534504 0.534460 2.106580e+02 2.106500e+00
0.592418 0.592358 1.339147e+02 1.339102e+00
0.562178 0.562121 2.131997e+02 2.131494e+00
0.504731 0.504676 3.211955e+02 3.211674e+00
0.586773 0.586757 1.568061e+02 1.567480e+00
0.509290 0.509258 3.792820e+02 3.792562e+00
0.542727 0.542691 3.098636e+02 3.098406e+00
0.496417 0.496376 3.681475e+02 3.681019e+00
0.525883 0.525838 3.046607e+02 3.046574e+00
0.578449 0.578400 9.546906e+01 9.545348e-01
0.453918 0.453824 8.765895e+02 8.765516e+00
0.595466 0.595449 1.534619e+02 1.534554e+00
0.592818 0.592755 1.486283e+02 1.486055e+00
0.552289 0.552238 2.559616e+02 2.559181e+00
0.476136 0.476110 4.934969e+02 4.934602e+00
0.632218 0.632123 8.346071e+01 8.344992e-01
0.600331 0.600317 1.049933e+02 1.049880e+00
0.516894 0.516877 3.546177e+02 3.546134e+00
0.686418 0.686385 4.074734e+01 4.072114e-01
0.505579 0.505520 4.629218e+02 4.628365e+00
0.499440 0.499403 3.594126e+02 3.593982e+00
0.506533 0.506521 4.490569e+02 4.490552e+00
0.510459 0.510434 4.869387e+02 4.868828e+00
0.609707 0.609637 8.372615e+01 8.369306e-01
0.598665 0.598635 1.372954e+02 1.372635e+00
0.598097 0.598051 9.827402e+01 9.824786e-01
0.547311 0.547279 1.886409e+02 1.886195e+00
0.604192 0.604146 1.056264e+02 1.056007e+00
0.513844 0.513765 3.344741e+02 3.344680e+00
0.592360 0.592283 1.461053e+02 1.460756e+00
0.471985 0.471932 3.875755e+02 3.875484e+00
0.473305 0.473272 5.838794e+02 5.838702e+00
0.528659 0.528603 3.390252e+02 3.389971e+00
0.577668 0.577649 1.410096e+02 1.410039e+00
0.629159 0.629091 8.502933e+01 8.501820e-01
0.631260 0.631170 7.724323e+01 7.723312e-01
0.564598 0.564551 1.620426e+02 1.620379e+00
0.619909 0.619879 9.140149e+01 9.136933e-01
0.573405 0.573303 1.638230e+02 1.638094e+00
0.549403 0.549372 1.771429e+02 1.771336e+00
0.502674 0.502598 3.996189e+02 3.996025e+00
0.588600 0.588546 1.176269e+02 1.176045e+00
0.567026 0.567006 1.501469e+02 1.501347e+00
0.611289 0.611270 1.210565e+02 1.210306e+00
0.604979 0.604923 9.661493e+01 9.658838e-01
0.522902 0.522875 2.649066e+02 2.648898e+00
0.491377 0.491357 6.070068e+02 6.069869e+00
0.577507 0.577433 1.428728e+02 1.428619e+00
0.552546 0.552508 2.254215e+02 2.253927e+00
0.548124 0.548049 2.039077e+02 2.038722e+00
0.577813 0.577752 1.830225e+02 1.829620e+00
0.496886 0.496869 3.732497e+02 3.732220e+00
0.558016 0.557947 2.130074e+02 2.129649e+00
0.596878 0.596816 1.371692e+02 1.371348e+00
0.602878 0.602812 1.135339e+02 1.134891e+00
0.539143 0.539110 2.077560e+02 2.077400e+00
0.594254 0.594218 1.472916e+02 1.472655e+00
0.565693 0.565643 1.676630e+02 1.676404e+00
0.557559 0.557512 1.890828e+02 1.890639e+00
0.554966 0.554897 2.042233e+02 2.042025e+00
0.484648 0.484625 6.333573e+02 6.333304e+00
0.583999 0.583917 1.364100e+02 1.364059e+00
0.549787 0.549749 2.659983e+02 2.659585e+00
0.597097 0.597066 1.167420e+02 1.167257e+00
0.595165 0.595142 1.190602e+02 1.190440e+00
0.460232 0.460215 8.717637e+02 8.717152e+00
0.562514 0.562478 2.145540e+02 2.144971e+00
0.597256 0.597234 1.433315e+02 1.432783e+00
0.572429 0.572372 1.631250e+02 1.631000e+00
0.523149 0.523096 2.539360e+02 2.539188e+00
0.607510 0.607478 9.628658e+01 9.627759e-01
0.524085 0.524057 2.416382e+02 2.416361e+00
0.565224 0.565158 1.745058e+02 1.744906e+00
0.528149 0.528119 2.954276e+02 2.953919e+00
0.558525 0.558508 2.121913e+02 2.121763e+00
0.491050 0.490984 5.928949e+02 5.928872e+00
0.540490 0.540441 2.324234e+02 2.324045e+00
0.568278 0.568258 1.579608e+02 1.579532e+00
0.590641 0.590553 1.023372e+02 1.023267e+00
0.539829 0.539803 2.663530e+02 2.663443e+00
0.532754 0.532697 2.653510e+02 2.653363e+00
0.515128 0.515094 4.135220e+02 4.134844e+00
0.587812 0.587773 1.416868e+02 1.416682e+00
0.617155 0.617119 9.262076e+01 9.260673e-01
0.607993 0.607918 8.048347e+01 8.047588e-01
0.480476 0.480451 7.386269e+02 7.385863e+00
0.491941 0.491824 3.348860e+02 3.348792e+00
0.541977 0.541911 2.348181e+02 2.347905e+00
0.523580 0.523548 2.223654e+02 2.223433e+00
0.497628 0.497576 2.727852e+02 2.727592e+00
0.511948 0.511917 2.691559e+02 2.691458e+00
0.515131 0.515091 3.966491e+02 3.965394e+00
0.551420 0.551318 2.431838e+02 2.431302e+00
0.549095 0.549049 2.365275e+02 2.364915e+00
0.617243 0.617160 8.389303e+01 8.387511e-01
0.563140 0.563121 1.845863e+02 1.845803e+00
0.646795 0.646748 6.063523e+01 6.062495e-01
0.535209 0.535125 2.618989e+02 2.618979e+00
0.548912 0.548870 2.861852e+02 2.861298e+00
0.633351 0.633324 7.701409e+01 7.701388e-01
0.589664 0.589647 1.241632e+02 1.241562e+00
0.554316 0.554267 2.124138e+02 2.124009e+00
0.510143 0.510040 4.005404e+02 4.005162e+00
0.612275 0.612255 9.922979e+01 9.920807e-01
0.524482 0.524412 3.509139e+02 3.508859e+00
0.536614 0.536564 2.184298e+02 2.184093e+00
0.558083 0.558049 2.066918e+02 2.066783e+00
0.556640 0.556563 1.847579e+02 1.847364e+00
0.552827 0.552803 2.503710e+02 2.503437e+00
0.534367 0.534304 2.485840e+02 2.485664e+00
0.530281 0.530218 2.759463e+02 2.759114e+00
0.571842 0.571782 1.865302e+02 1.864862e+00
0.586574 0.586539 1.296666e+02 1.296315e+00
0.649101 0.649024 6.401597e+01 6.400852e-01
0.610715 0.610649 6.762528e+01 6.761176e-01
0.504027 0.503947 3.180841e+02 3.180622e+00
0.601936 0.601878 1.276342e+02 1.276160e+00
0.531054 0.531018 3.202172e+02 3.201826e+00
0.618354 0.618289 7.340901e+01 7.340421e-01
0.573686 0.573659 1.907398e+02 1.906979e+00
0.541963 0.541928 2.911201e+02 2.910970e+00
0.561733 0.561690 1.887033e+02 1.886842e+00
0.578505 0.578468 1.605781e+02 1.605743e+00
0.593282 0.593252 1.424039e+02 1.423717e+00
